----------PART A----------
A=
    0.2524    0.2700    0.1605
    0.1387    0.9076    0.9339
    0.1941    0.6841    0.0178
------Checking decomp function---------
Q=
    0.7267   -0.5979    0.3383
    0.3993    0.7683    0.5002
    0.5590    0.2284   -0.7971
R=
    0.3473    0.9410    0.4995
    0.0000    0.6922    0.6256
    0.0000    0.0000    0.5072
Q * R = A = 
    0.2524    0.2700    0.1605
    0.1387    0.9076    0.9339
    0.1941    0.6841    0.0178
Q^T * Q=
    1.0000   -0.0000    0.0000
   -0.0000    1.0000    0.0000
    0.0000    0.0000    1.0000
-----Checking solve function-----
b=  0.8874 0.3471 0.7596 
x=  3.5699 0.1040 -0.2596 
A * x =  0.8874 0.3471 0.7596 
approx(A*x, b)= 1
det(R)= 0.1219
----------PART B----------
-----Checking inverse function-----
A^-1= 
    5.1070   -0.8613   -0.8727
   -1.4667    0.2187    1.7503
    0.6670    0.9861   -1.5714
A * A^-1=
    1.0000    0.0000    0.0000
   -0.0000    1.0000    0.0000
   -0.0000   -0.0000    1.0000
